(py38) root@work:/home/pytorch3d# python tests/test_knn_points.py 
input lengths1:  tensor([ 1,  7,  1, 10])
== run on CPU ==
== run on MUSA ==
out_musa:  KNN(dists=tensor([[[0.1899, 0.3184, 0.3705, 0.5492, 0.8149, 1.0676, 1.1092, 1.2203],
         [0.0000, 0.0000, 0.0000, 0.0000, 0.0000, 0.0000, 0.0000, 0.0000],
         [0.0000, 0.0000, 0.0000, 0.0000, 0.0000, 0.0000, 0.0000, 0.0000],
         [0.0000, 0.0000, 0.0000, 0.0000, 0.0000, 0.0000, 0.0000, 0.0000],
         [0.0000, 0.0000, 0.0000, 0.0000, 0.0000, 0.0000, 0.0000, 0.0000],
         [0.0000, 0.0000, 0.0000, 0.0000, 0.0000, 0.0000, 0.0000, 0.0000],
         [0.0000, 0.0000, 0.0000, 0.0000, 0.0000, 0.0000, 0.0000, 0.0000],
         [0.0000, 0.0000, 0.0000, 0.0000, 0.0000, 0.0000, 0.0000, 0.0000],
         [0.0000, 0.0000, 0.0000, 0.0000, 0.0000, 0.0000, 0.0000, 0.0000],
         [0.0000, 0.0000, 0.0000, 0.0000, 0.0000, 0.0000, 0.0000, 0.0000],
         [0.0000, 0.0000, 0.0000, 0.0000, 0.0000, 0.0000, 0.0000, 0.0000],
         [0.0000, 0.0000, 0.0000, 0.0000, 0.0000, 0.0000, 0.0000, 0.0000],
         [0.0000, 0.0000, 0.0000, 0.0000, 0.0000, 0.0000, 0.0000, 0.0000],
         [0.0000, 0.0000, 0.0000, 0.0000, 0.0000, 0.0000, 0.0000, 0.0000],
         [0.0000, 0.0000, 0.0000, 0.0000, 0.0000, 0.0000, 0.0000, 0.0000],
         [0.0000, 0.0000, 0.0000, 0.0000, 0.0000, 0.0000, 0.0000, 0.0000]],

        [[0.1758, 0.3725, 0.5275, 0.8918, 0.0000, 0.0000, 0.0000, 0.0000],
         [0.0681, 0.0984, 0.3571, 0.4173, 0.0000, 0.0000, 0.0000, 0.0000],
         [0.3658, 0.4315, 0.5442, 0.8959, 0.0000, 0.0000, 0.0000, 0.0000],
         [0.2473, 0.3159, 0.8494, 0.9389, 0.0000, 0.0000, 0.0000, 0.0000],
         [0.0919, 0.2491, 0.3302, 0.3726, 0.0000, 0.0000, 0.0000, 0.0000],
         [0.0958, 0.1219, 0.4663, 0.9308, 0.0000, 0.0000, 0.0000, 0.0000],
         [0.2741, 0.3604, 0.7073, 0.8840, 0.0000, 0.0000, 0.0000, 0.0000],
         [0.0000, 0.0000, 0.0000, 0.0000, 0.0000, 0.0000, 0.0000, 0.0000],
         [0.0000, 0.0000, 0.0000, 0.0000, 0.0000, 0.0000, 0.0000, 0.0000],
         [0.0000, 0.0000, 0.0000, 0.0000, 0.0000, 0.0000, 0.0000, 0.0000],
         [0.0000, 0.0000, 0.0000, 0.0000, 0.0000, 0.0000, 0.0000, 0.0000],
         [0.0000, 0.0000, 0.0000, 0.0000, 0.0000, 0.0000, 0.0000, 0.0000],
         [0.0000, 0.0000, 0.0000, 0.0000, 0.0000, 0.0000, 0.0000, 0.0000],
         [0.0000, 0.0000, 0.0000, 0.0000, 0.0000, 0.0000, 0.0000, 0.0000],
         [0.0000, 0.0000, 0.0000, 0.0000, 0.0000, 0.0000, 0.0000, 0.0000],
         [0.0000, 0.0000, 0.0000, 0.0000, 0.0000, 0.0000, 0.0000, 0.0000]],

        [[0.2632, 0.2822, 0.4005, 0.7070, 0.9744, 0.0000, 0.0000, 0.0000],
         [0.0000, 0.0000, 0.0000, 0.0000, 0.0000, 0.0000, 0.0000, 0.0000],
         [0.0000, 0.0000, 0.0000, 0.0000, 0.0000, 0.0000, 0.0000, 0.0000],
         [0.0000, 0.0000, 0.0000, 0.0000, 0.0000, 0.0000, 0.0000, 0.0000],
         [0.0000, 0.0000, 0.0000, 0.0000, 0.0000, 0.0000, 0.0000, 0.0000],
         [0.0000, 0.0000, 0.0000, 0.0000, 0.0000, 0.0000, 0.0000, 0.0000],
         [0.0000, 0.0000, 0.0000, 0.0000, 0.0000, 0.0000, 0.0000, 0.0000],
         [0.0000, 0.0000, 0.0000, 0.0000, 0.0000, 0.0000, 0.0000, 0.0000],
         [0.0000, 0.0000, 0.0000, 0.0000, 0.0000, 0.0000, 0.0000, 0.0000],
         [0.0000, 0.0000, 0.0000, 0.0000, 0.0000, 0.0000, 0.0000, 0.0000],
         [0.0000, 0.0000, 0.0000, 0.0000, 0.0000, 0.0000, 0.0000, 0.0000],
         [0.0000, 0.0000, 0.0000, 0.0000, 0.0000, 0.0000, 0.0000, 0.0000],
         [0.0000, 0.0000, 0.0000, 0.0000, 0.0000, 0.0000, 0.0000, 0.0000],
         [0.0000, 0.0000, 0.0000, 0.0000, 0.0000, 0.0000, 0.0000, 0.0000],
         [0.0000, 0.0000, 0.0000, 0.0000, 0.0000, 0.0000, 0.0000, 0.0000],
         [0.0000, 0.0000, 0.0000, 0.0000, 0.0000, 0.0000, 0.0000, 0.0000]],

        [[0.1012, 0.3482, 0.3902, 0.5432, 0.6996, 0.8162, 1.4633, 0.0000],
         [0.0912, 0.2704, 0.3948, 0.4034, 0.5273, 0.6847, 1.0114, 0.0000],
         [0.1540, 0.1899, 0.1911, 0.5064, 0.6270, 1.0826, 1.1179, 0.0000],
         [0.0631, 0.1364, 0.3050, 0.3509, 0.4393, 0.4659, 0.5485, 0.0000],
         [0.2245, 0.2972, 0.6266, 0.6726, 0.7923, 1.0862, 1.8145, 0.0000],
         [0.0742, 0.2073, 0.2813, 0.4725, 0.5858, 0.6235, 0.8758, 0.0000],
         [0.1564, 0.2096, 0.3099, 0.4553, 0.7349, 0.7621, 1.4090, 0.0000],
         [0.0975, 0.2182, 0.3182, 0.3244, 0.5509, 0.5752, 1.0779, 0.0000],
         [0.0412, 0.1442, 0.3656, 0.5046, 0.5884, 0.8387, 1.1325, 0.0000],
         [0.2408, 0.2719, 0.3298, 0.5290, 0.6259, 0.6486, 1.1437, 0.0000],
         [0.0000, 0.0000, 0.0000, 0.0000, 0.0000, 0.0000, 0.0000, 0.0000],
         [0.0000, 0.0000, 0.0000, 0.0000, 0.0000, 0.0000, 0.0000, 0.0000],
         [0.0000, 0.0000, 0.0000, 0.0000, 0.0000, 0.0000, 0.0000, 0.0000],
         [0.0000, 0.0000, 0.0000, 0.0000, 0.0000, 0.0000, 0.0000, 0.0000],
         [0.0000, 0.0000, 0.0000, 0.0000, 0.0000, 0.0000, 0.0000, 0.0000],
         [0.0000, 0.0000, 0.0000, 0.0000, 0.0000, 0.0000, 0.0000, 0.0000]]],
       device='musa:0'), idx=tensor([[[0, 4, 1, 7, 3, 5, 2, 6],
         [0, 0, 0, 0, 0, 0, 0, 0],
         [0, 0, 0, 0, 0, 0, 0, 0],
         [0, 0, 0, 0, 0, 0, 0, 0],
         [0, 0, 0, 0, 0, 0, 0, 0],
         [0, 0, 0, 0, 0, 0, 0, 0],
         [0, 0, 0, 0, 0, 0, 0, 0],
         [0, 0, 0, 0, 0, 0, 0, 0],
         [0, 0, 0, 0, 0, 0, 0, 0],
         [0, 0, 0, 0, 0, 0, 0, 0],
         [0, 0, 0, 0, 0, 0, 0, 0],
         [0, 0, 0, 0, 0, 0, 0, 0],
         [0, 0, 0, 0, 0, 0, 0, 0],
         [0, 0, 0, 0, 0, 0, 0, 0],
         [0, 0, 0, 0, 0, 0, 0, 0],
         [0, 0, 0, 0, 0, 0, 0, 0]],

        [[3, 2, 0, 1, 0, 0, 0, 0],
         [1, 2, 3, 0, 0, 0, 0, 0],
         [3, 2, 0, 1, 0, 0, 0, 0],
         [3, 2, 1, 0, 0, 0, 0, 0],
         [0, 2, 1, 3, 0, 0, 0, 0],
         [2, 3, 1, 0, 0, 0, 0, 0],
         [3, 2, 0, 1, 0, 0, 0, 0],
         [0, 0, 0, 0, 0, 0, 0, 0],
         [0, 0, 0, 0, 0, 0, 0, 0],
         [0, 0, 0, 0, 0, 0, 0, 0],
         [0, 0, 0, 0, 0, 0, 0, 0],
         [0, 0, 0, 0, 0, 0, 0, 0],
         [0, 0, 0, 0, 0, 0, 0, 0],
         [0, 0, 0, 0, 0, 0, 0, 0],
         [0, 0, 0, 0, 0, 0, 0, 0],
         [0, 0, 0, 0, 0, 0, 0, 0]],

        [[2, 0, 1, 4, 3, 0, 0, 0],
         [0, 0, 0, 0, 0, 0, 0, 0],
         [0, 0, 0, 0, 0, 0, 0, 0],
         [0, 0, 0, 0, 0, 0, 0, 0],
         [0, 0, 0, 0, 0, 0, 0, 0],
         [0, 0, 0, 0, 0, 0, 0, 0],
         [0, 0, 0, 0, 0, 0, 0, 0],
         [0, 0, 0, 0, 0, 0, 0, 0],
         [0, 0, 0, 0, 0, 0, 0, 0],
         [0, 0, 0, 0, 0, 0, 0, 0],
         [0, 0, 0, 0, 0, 0, 0, 0],
         [0, 0, 0, 0, 0, 0, 0, 0],
         [0, 0, 0, 0, 0, 0, 0, 0],
         [0, 0, 0, 0, 0, 0, 0, 0],
         [0, 0, 0, 0, 0, 0, 0, 0],
         [0, 0, 0, 0, 0, 0, 0, 0]],

        [[2, 1, 0, 5, 6, 4, 3, 0],
         [1, 4, 5, 6, 2, 0, 3, 0],
         [2, 5, 0, 1, 4, 3, 6, 0],
         [0, 4, 1, 3, 5, 6, 2, 0],
         [0, 5, 4, 3, 2, 1, 6, 0],
         [1, 4, 6, 5, 2, 0, 3, 0],
         [5, 0, 4, 3, 2, 1, 6, 0],
         [1, 5, 4, 2, 6, 0, 3, 0],
         [4, 3, 0, 5, 1, 6, 2, 0],
         [2, 0, 1, 6, 5, 4, 3, 0],
         [0, 0, 0, 0, 0, 0, 0, 0],
         [0, 0, 0, 0, 0, 0, 0, 0],
         [0, 0, 0, 0, 0, 0, 0, 0],
         [0, 0, 0, 0, 0, 0, 0, 0],
         [0, 0, 0, 0, 0, 0, 0, 0],
         [0, 0, 0, 0, 0, 0, 0, 0]]], device='musa:0'), knn=None)
True
True